0|tetrahedron|1,3,2;0,1,2;1,0,3;2,3,0
1|cube|1,0,4,5;3,1,5,7;3,2,0,1;0,2,6,4;5,4,6,7;7,6,2,3
2|octahedron|2,5,4;2,4,0;0,4,3;4,5,3;2,0,1;0,3,1;1,3,5;1,5,2
3|dodecahedron|2,0,1,4,5;11,10,4,1,6;16,12,5,4,10;13,8,2,5,12;9,3,0,2,8;7,6,1,0,3;3,9,15,14,7;8,13,18,15,9;12,16,19,18,13;10,11,17,19,16;6,7,14,17,11;17,14,15,18,19
4|icosahedron|9,10,11;10,4,8;9,11,7;11,8,6;9,7,3;7,6,1;9,3,5;3,1,0;9,5,10;5,0,4;8,11,10;2,8,4;6,7,11;2,6,8;1,3,7;2,1,6;0,5,3;2,0,1;4,10,5;2,4,0
9|truncated tetrahedron|
10|cuboctahedron|
11|truncated cube|
12|truncated octahedron|
13|rhombicuboctahedron|
14|great rhombicuboctahedron|
15|snub cube (laevo)|
16|icosidodecahedron|
17|truncated dodecahedron|
18|truncated icosahedron|
19|rhombicosidodecahedron|
20|great rhombicosidodecahedron|
21|snub dodecahedron (laevo)|
32|triakis tetrahedron|
33|rhombic dodecahedron|12,10,4,6;11,5,4,10;11,10,12,13;9,13,12,8;11,13,9,7;1,5,11,7;1,7,9,3;2,3,9,8;1,3,2,0;4,5,1,0;4,0,2,6;12,6,2,8
34|triakis octahedron|5,3,11;5,11,1;5,1,3;0,1,2;0,2,3;0,3,1;4,2,1;4,1,10;4,10,2;7,11,10;7,10,1;7,1,11;6,3,2;6,2,12;6,12,3;8,10,12;8,12,2;8,2,10;13,12,10;13,10,11;13,11,12;9,11,3;9,3,12;9,12,11
35|tetrakis hexahedron|5,0,3;5,3,11;5,11,7;5,7,0;9,3,6;9,6,13;9,13,11;9,11,3;12,7,11;12,11,13;12,13,10;12,10,7;4,2,0;4,0,7;4,7,10;4,10,2;1,2,6;1,6,3;1,3,0;1,0,2;8,10,13;8,13,6;8,6,2;8,2,10
36|trapezoidal icositetrahedron|5,6,1,0;11,3,1,6;2,0,1,3;23,18,13,15;11,6,13,18;5,15,13,6;20,17,21,25;11,18,21,17;23,25,21,18;2,3,9,10;11,17,9,3;20,10,9,17;20,19,12,10;14,7,12,19;2,10,12,7;23,22,24,25;14,19,24,22;20,25,24,19;5,8,16,15;14,22,16,8;23,15,16,22;2,7,4,0;14,8,4,7;5,0,4,8
37|hexakis octahedron|2,6,0;0,6,4;4,5,0;0,5,1;1,3,0;0,3,2;15,22,9;9,22,14;14,5,9;9,5,4;4,6,9;9,6,15;23,19,17;17,19,12;12,5,17;17,5,14;14,22,17;17,22,23;10,3,7;7,3,1;1,5,7;7,5,12;12,19,7;7,19,10;10,19,16;16,19,21;21,20,16;16,20,11;11,3,16;16,3,10;23,22,25;25,22,24;24,20,25;25,20,21;21,19,25;25,19,23;15,6,18;18,6,13;13,20,18;18,20,24;24,22,18;18,22,15;2,3,8;8,3,11;11,20,8;8,20,13;13,6,8;8,6,2
38|pentagonal icositetrahedron (dextro)|16,14,8,2,6;0,1,5,6,2;16,6,5,13,19;16,19,25,33,27;37,35,28,27,33;16,27,28,23,14;20,18,12,4,10;0,2,8,10,4;20,10,8,14,23;20,23,28,35,31;37,36,32,31,35;20,31,32,24,18;21,15,9,3,11;0,4,12,11,3;21,11,12,18,24;21,24,32,36,30;37,34,29,30,36;21,30,29,22,15;17,13,5,1,7;0,3,9,7,1;17,7,9,15,22;17,22,29,34,26;37,33,25,26,34;17,26,25,19,13
39|rhombic triacontahedron|14,20,12,8;12,4,0,8;12,13,5,4;0,4,5,1;5,7,3,1;5,15,17,7;14,8,0,6;0,2,9,6;0,1,3,2;9,2,3,10;3,11,19,10;3,7,17,11;14,6,9,16;9,18,26,16;9,10,19,18;26,18,19,27;19,23,31,27;19,11,17,23;14,16,26,24;26,30,28,24;26,27,31,30;28,30,31,29;31,25,22,29;31,23,17,25;14,24,28,20;28,21,12,20;28,29,22,21;12,21,22,13;22,15,5,13;22,25,17,15
40|triakis icosahedron|23,14,29;23,29,20;23,20,14;21,14,16;21,16,29;21,29,14;9,14,1;9,1,16;9,16,14;5,14,3;5,3,1;5,1,14;12,14,20;12,20,3;12,3,14;26,17,30;26,30,28;26,28,17;19,17,28;19,28,11;19,11,17;8,17,11;8,11,2;8,2,17;10,17,2;10,2,15;10,15,17;22,17,15;22,15,30;22,30,17;27,30,20;27,20,29;27,29,30;31,29,28;31,28,30;31,30,29;25,28,29;25,29,16;25,16,28;18,16,11;18,11,28;18,28,16;7,11,16;7,16,1;7,1,11;4,1,2;4,2,11;4,11,1;0,2,1;0,1,3;0,3,2;6,3,15;6,15,2;6,2,3;13,15,3;13,3,20;13,20,15;24,20,30;24,30,15;24,15,20
41|pentakis dodecahedron|19,27,17;19,17,10;19,10,11;19,11,22;19,22,27;25,17,27;25,27,31;25,31,24;25,24,15;25,15,17;8,10,17;8,17,15;8,15,5;8,5,1;8,1,10;3,11,10;3,10,1;3,1,0;3,0,7;3,7,11;18,22,11;18,11,7;18,7,16;18,16,26;18,26,22;29,27,22;29,22,26;29,26,30;29,30,31;29,31,27;23,14,21;23,21,30;23,30,26;23,26,16;23,16,14;6,4,14;6,14,16;6,16,7;6,7,0;6,0,4;2,9,4;2,4,0;2,0,1;2,1,5;2,5,9;13,20,9;13,9,5;13,5,15;13,15,24;13,24,20;28,21,20;28,20,24;28,24,31;28,31,30;28,30,21;12,21,14;12,14,4;12,4,9;12,9,20;12,20,21
42|trapezoidal hexecontahedron|16,31,38,28;16,28,22,12;16,12,5,3;16,3,9,17;16,17,26,31;47,46,38,31;47,31,26,34;47,34,40,50;47,50,57,59;47,59,53,46;42,25,22,28;42,28,38,46;42,46,53,55;42,55,51,43;42,43,32,25;13,1,5,12;13,12,22,25;13,25,32,24;13,24,21,11;13,11,4,1;0,7,9,3;0,3,5,1;0,1,4,2;0,2,8,6;0,6,10,7;20,34,26,17;20,17,9,7;20,7,10,18;20,18,29,37;20,37,40,34;19,15,23,33;19,33,39,36;19,36,29,18;19,18,10,6;19,6,8,15;14,27,35,30;14,30,23,15;14,15,8,2;14,2,4,11;14,11,21,27;41,54,52,44;41,44,35,27;41,27,21,24;41,24,32,43;41,43,51,54;61,60,56,58;61,58,52,54;61,54,51,55;61,55,53,59;61,59,57,60;48,36,39,49;48,49,56,60;48,60,57,50;48,50,40,37;48,37,29,36;45,33,23,30;45,30,35,44;45,44,52,58;45,58,56,49;45,49,39,33
43|hexakis icosahedron|34,16,29;37,16,34;28,16,37;21,16,28;14,16,21;4,16,14;5,16,4;10,16,5;18,16,10;29,16,18;34,48,37;29,48,34;36,48,29;44,48,36;52,48,44;59,48,52;58,48,59;55,48,58;46,48,55;37,48,46;28,42,21;37,42,28;46,42,37;55,42,46;54,42,55;50,42,54;41,42,50;30,42,41;26,42,30;21,42,26;14,12,4;21,12,14;26,12,21;30,12,26;23,12,30;17,12,23;9,12,17;2,12,9;1,12,2;4,12,1;5,0,10;4,0,5;1,0,4;2,0,1;3,0,2;6,0,3;7,0,6;11,0,7;8,0,11;10,0,8;18,22,29;10,22,18;8,22,10;11,22,8;20,22,11;31,22,20;38,22,31;44,22,38;36,22,44;29,22,36;47,49,40;57,49,47;60,49,57;59,49,60;52,49,59;44,49,52;38,49,44;31,49,38;35,49,31;40,49,35;33,19,24;40,19,33;35,19,40;31,19,35;20,19,31;11,19,20;7,19,11;6,19,7;15,19,6;24,19,15;27,13,32;24,13,27;15,13,24;6,13,15;3,13,6;2,13,3;9,13,2;17,13,9;25,13,17;32,13,25;43,39,51;32,39,43;25,39,32;17,39,25;23,39,17;30,39,23;41,39,30;50,39,41;53,39,50;51,39,53;56,61,57;51,61,56;53,61,51;50,61,53;54,61,50;55,61,54;58,61,55;59,61,58;60,61,59;57,61,60;47,45,57;40,45,47;33,45,40;24,45,33;27,45,24;32,45,27;43,45,32;51,45,43;56,45,51;57,45,56
44|pentagonal hexecontahedron (dextro)|63,78,83,75,67;63,67,58,47,45;63,45,31,30,40;63,40,43,56,65;63,65,72,82,78;59,74,81,77,68;59,68,61,49,41;59,41,29,27,37;59,37,35,47,58;59,58,67,75,74;18,35,37,27,19;18,19,12,3,4;18,4,2,6,13;18,13,22,30,31;18,31,45,47,35;25,22,13,6,10;25,10,8,15,23;25,23,32,42,44;25,44,57,56,43;25,43,40,30,22;70,57,44,42,54;70,54,52,64,71;70,71,80,88,85;70,85,89,82,72;70,72,65,56,57;91,89,85,88,90;91,90,87,84,86;91,86,79,77,81;91,81,74,75,83;91,83,78,82,89;28,39,53,60,51;28,51,55,48,34;28,34,26,16,14;28,14,7,9,21;28,21,24,36,39;73,69,76,84,87;73,87,90,88,80;73,80,71,64,62;73,62,50,48,55;73,55,51,60,69;33,50,62,64,52;33,52,54,42,32;33,32,23,15,17;33,17,11,16,26;33,26,34,48,50;0,11,17,15,8;0,8,10,6,2;0,2,4,3,1;0,1,5,9,7;0,7,14,16,11;20,5,1,3,12;20,12,19,27,29;20,29,41,49,38;20,38,46,36,24;20,24,21,9,5;66,46,38,49,61;66,61,68,77,79;66,79,86,84,76;66,76,69,60,53;66,53,39,36,46
45|square pyramid (J1)|4,1,0,3;1,4,2;0,1,2;3,0,2;4,3,2
46|pentagonal pyramid (J2)|0,3,5,4,1;3,0,2;5,3,2;4,5,2;1,4,2;0,1,2
47|triangular cupola (J3)|0,3,7,8,5,1;2,6,4;6,2,1,5;6,5,8;4,6,8,7;4,7,3;2,4,3,0;2,0,1
48|square cupola (J4)|4,8,10,11,9,5,1,0;2,3,7,6;3,2,0,1;3,1,5;7,3,5,9;7,9,11;6,7,11,10;6,10,8;2,6,8,4;2,4,0
49|pentagonal cupola (J5)|2,6,11,13,14,12,9,5,1,0;3,4,8,10,7;4,3,0,1;4,1,5;8,4,5,9;8,9,12;10,8,12,14;10,14,13;7,10,13,11;7,11,6;3,7,6,2;3,2,0
50|pentagonal rotunda (J6)|2,0,3,8,14,18,19,17,13,7;11,12,9,4,6;11,10,13,17,16;11,16,12;16,17,19;12,16,19,18,15;12,15,9;15,18,14;9,15,14,8,5;9,5,4;5,8,3;4,5,3,0,1;4,1,6;1,0,2;6,1,2,7,10;6,10,11;10,7,13
51|elongated triangular pyramid (J7)|0,2,4;3,2,0,1;5,3,1;1,0,4,6;5,1,6;6,4,2,3;5,6,3
52|elongated square pyramid (J8)|1,3,2,0;7,3,1,5;8,7,5;5,1,0,4;8,5,4;4,0,2,6;8,4,6;6,2,3,7;8,6,7
53|elongated pentagonal pyramid (J9)|8,3,0,2,7;1,0,3,5;6,1,5;5,3,8,10;6,5,10;10,8,7,9;6,10,9;9,7,2,4;6,9,4;4,2,0,1;6,4,1
54|gyroelongated square pyramid (J10)|4,7,8;8,7,6;8,6,3;3,6,1;3,1,0;0,1,2;0,2,4;4,2,7;4,8,5;8,3,5;3,0,5;0,4,5;1,6,7,2
55|gyroelongated pentagonal pyramid (J11)|6,2,8;8,2,4;8,4,9;9,4,3;9,3,7;7,3,1;7,1,5;5,1,0;5,0,6;6,0,2;6,8,10;8,9,10;9,7,10;7,5,10;5,6,10;1,3,4,2,0
56|triangular dipyramid (J12)|1,3,0;3,4,0;3,1,4;0,2,1;0,4,2;2,4,1
57|pentagonal dipyramid (J13)|3,2,0;2,1,0;2,5,1;0,4,3;0,1,4;4,1,5;2,3,6;3,4,6;5,2,6;4,5,6
58|elongated triangular dipyramid (J14)|7,4,3,5;4,7,6;5,3,1;4,2,0,3;2,4,6;3,0,1;2,7,5,0;7,2,6;0,5,1
59|elongated square dipyramid (J15)|9,8,5,6;8,9,7;6,5,2;8,3,0,5;3,8,7;5,0,2;3,4,1,0;4,3,7;0,1,2;4,9,6,1;9,4,7;1,6,2
60|elongated pentagonal dipyramid (J16)|10,11,9,7;11,10,8;7,9,3;11,6,5,9;6,11,8;9,5,3;6,2,0,5;2,6,8;5,0,3;2,4,1,0;4,2,8;0,1,3;4,10,7,1;10,4,8;1,7,3
61|gyroelongated square dipyramid (J17)|6,8,9;9,8,7;9,7,3;3,7,1;3,1,0;0,1,2;0,2,6;6,2,8;6,9,4;9,3,4;3,0,4;0,6,4;7,8,5;1,7,5;2,1,5;8,2,5
62|elongated triangular cupola (J18)|14,10,5,3,7,13;0,3,5,1;1,5,10,8;8,10,14,12;12,14,13,11;11,13,7,6;6,7,3,0;4,9,2;9,4,8,12;9,12,11;2,9,11,6;2,6,0;4,2,0,1;4,1,8
63|elongated square cupola (J19)|18,14,9,4,6,11,17,19;2,6,4,0;0,4,9,3;3,9,14,12;12,14,18,15;15,18,19,16;16,19,17,13;13,17,11,8;8,11,6,2;5,10,7,1;10,5,12,15;10,15,16;7,10,16,13;7,13,8;1,7,8,2;1,2,0;5,1,0,3;5,3,12
64|elongated pentagonal cupola (J20)|22,17,11,5,4,8,14,19,23,24;2,8,4,0;0,4,5,1;1,5,11,7;7,11,17,13;13,17,22,18;18,22,24,21;21,24,23,20;20,23,19,16;16,19,14,10;10,14,8,2;9,15,12,6,3;15,9,13,18;15,18,21;12,15,21,20;12,20,16;6,12,16,10;6,10,2;3,6,2,0;3,0,1;9,3,1,7;9,7,13
65|elongated pentagonal rotunds (J21)|24,17,12,7,9,16,22,27,29,28;8,15,13,3,1;8,5,14,20,19;8,19,15;19,20,25;15,19,25,26,21;15,21,13;21,26,23;13,21,23,18,10;13,10,3;10,18,11;3,10,11,4,0;3,0,1;0,4,2;1,0,2,6,5;1,5,8;5,6,14;11,16,9,4;4,9,7,2;2,7,12,6;6,12,17,14;14,17,24,20;20,24,28,25;25,28,29,26;26,29,27,23;23,27,22,18;18,22,16,11
66|gyroelongated triangular cupola (J22)|11,5,1,4,10,14;0,1,2;2,1,5;2,5,8;8,5,11;8,11,13;13,11,14;3,9,7;9,3,2,8;9,8,13;7,9,13,12;7,12,6;3,7,6,0;3,0,2
67|gyroelongated square cupola (J23)|10,4,0,3,9,15,19,16;1,0,2;2,0,4;2,4,8;8,4,10;8,10,14;14,10,16;14,16,18;18,16,19;7,13,12,6;13,7,8,14;13,14,18;12,13,18,17;12,17,11;6,12,11,5;6,5,1;7,6,1,2;7,2,8
68|gyroelongated pentagonal cupola (J24)|20,14,8,3,0,4,10,16,21,24;1,3,5;5,3,8;5,8,12;12,8,14;12,14,18;18,14,20;18,20,22;22,20,24;22,24,23;23,24,21;9,15,17,11,6;15,9,12,18;15,18,22;17,15,22,23;17,23,19;11,17,19,13;11,13,7;6,11,7,2;6,2,1;9,6,1,5;9,5,12
69|gyroelongated pentagonal rotunda (J25)|28,23,16,9,4,5,10,17,24,29;2,9,11;11,9,16;11,16,19;19,16,23;19,23,25;25,23,28;25,28,27;27,28,29;27,29,26;26,29,24;15,18,13,6,8;15,14,19,25,22;15,22,18;22,25,27;18,22,27,26,21;18,21,13;21,26,20;13,21,20,12,7;13,7,6;7,12,3;6,7,3,0,1;6,1,8;1,0,2;8,1,2,11,14;8,14,15;14,11,19
70|gyrobifastigium (J26)|3,4,7,6;3,6,1;6,7,2,1;7,4,2;6,5,7;6,1,0,5;1,2,0;0,2,7,5
71|triangular orthobicupola (J27)|2,5,8;5,2,0,4;5,4,10;8,5,10,11;8,11,7;2,8,7,1;2,1,0;6,3,9;3,6,4,0;3,0,1;9,3,1,7;9,7,11;6,9,11,10;6,10,4
72|square orthobicupola (J28)|5,3,9,11;3,5,1,0;3,0,2;9,3,2,8;9,8,14;11,9,14,15;11,15,13;5,11,13,7;5,7,1;4,6,12,10;6,4,0,1;6,1,7;12,6,7,13;12,13,15;10,12,15,14;10,14,8;4,10,8,2;4,2,0
73|square gyrobicupola (J29)|7,4,10,12;4,7,2,0;4,0,1;10,4,1,6;10,6,13;12,10,13,15;12,15,14;7,12,14,8;7,8,2;5,3,9,11;3,5,1,0;3,0,2;9,3,2,8;9,8,14;11,9,14,15;11,15,13;5,11,13,6;5,6,1
74|pentagonal orthobicupola (J30)|7,4,10,16,13;4,7,2,0;4,0,1;10,4,1,5;10,5,11;16,10,11,17;16,17,19;13,16,19,18;13,18,14;7,13,14,8;7,8,2;3,6,12,15,9;6,3,0,2;6,2,8;12,6,8,14;12,14,18;15,12,18,19;15,19,17;9,15,17,11;9,11,5;3,9,5,1;3,1,0
75|pentagonal gyrobicupola (J31)|7,4,8,14,13;4,7,2,0;4,0,1;8,4,1,3;8,3,10;14,8,10,17;14,17,19;13,14,19,18;13,18,16;7,13,16,9;7,9,2;6,5,11,15,12;5,6,1,0;5,0,2;11,5,2,9;11,9,16;15,11,16,18;15,18,19;12,15,19,17;12,17,10;6,12,10,3;6,3,1
76|pentagonal orthocupolarontunda (J32)|5,3,9,15,12;3,5,1,0;3,0,2;9,3,2,7;9,7,16;15,9,16,21;15,21,23;12,15,23,19;12,19,14;5,12,14,6;5,6,1;18,22,17,10,11;18,13,14,19,24;18,24,22;24,19,23;22,24,23,21,20;22,20,17;20,21,16;17,20,16,7,8;17,8,10;8,7,2;10,8,2,0,4;10,4,11;4,0,1;11,4,1,6,13;11,13,18;13,6,14
77|pentagonal gyrocupolarotunda (J33)|0,5,9,8,3;5,0,2,6;5,6,11;9,5,11,15;9,15,19;8,9,19,17;8,17,13;3,8,13,7;3,7,4;0,3,4,1;0,1,2;20,24,22,18,16;20,12,7,13,21;20,21,24;21,13,17;24,21,17,19,23;24,23,22;23,19,15;22,23,15,11,14;22,14,18;14,11,6;18,14,6,2,10;18,10,16;10,2,1;16,10,1,4,12;16,12,20;12,4,7
78|pentagonal orthobirotunda (J34)|15,14,21,27,23;15,17,8,3,7;15,7,14;7,3,1;14,7,1,5,12;14,12,21;12,5,11;21,12,11,20,25;21,25,27;25,20,26;27,25,26,28,29;27,29,23;29,28,24;23,29,24,18,17;23,17,15;17,18,8;4,13,16,9,2;4,0,3,8,10;4,10,13;10,8,18;13,10,18,24,22;13,22,16;22,24,28;16,22,28,26,19;16,19,9;19,26,20;9,19,20,11,6;9,6,2;6,11,5;2,6,5,1,0;2,0,4;0,1,3
79|elongated triangular orthobicupola (J35)|9,16,12;16,9,6,13;16,13,17;12,16,17,15;12,15,7;9,12,7,3;9,3,6;8,1,5;1,8,10,2;1,2,0;5,1,0,4;5,4,11;8,5,11,14;8,14,10;7,4,0,3;3,0,2,6;6,2,10,13;13,10,14,17;17,14,11,15;15,11,4,7
80|elongated triangular gyrobicupola (J36)|3,11,9;11,3,2,10;11,10,16;9,11,16,13;9,13,5;3,9,5,0;3,0,2;14,8,6;8,14,17,12;8,12,4;6,8,4,1;6,1,7;14,6,7,15;14,15,17;5,7,1,0;0,1,4,2;2,4,12,10;10,12,17,16;16,17,15,13;13,15,7,5
81|elongated square gyrobicupola (J37)|11,17,21,15;17,11,5,10;17,10,19;21,17,19,23;21,23,22;15,21,22,16;15,16,9;11,15,9,3;11,3,5;8,2,6,12;2,8,7,1;2,1,0;6,2,0,4;6,4,13;12,6,13,18;12,18,20;8,12,20,14;8,14,7;16,13,4,9;9,4,0,3;3,0,1,5;5,1,7,10;10,7,14,19;19,14,20,23;23,20,18,22;22,18,13,16
82|elongated pentagonal orthobicupola (J38)|12,17,24,23,15;17,12,5,10;17,10,19;24,17,19,26;24,26,29;23,24,29,28;23,28,22;15,23,22,14;15,14,7;12,15,7,2;12,2,5;9,4,8,16,18;4,9,6,1;4,1,0;8,4,0,3;8,3,11;16,8,11,20;16,20,25;18,16,25,27;18,27,21;9,18,21,13;9,13,6;22,20,11,14;14,11,3,7;7,3,0,2;2,0,1,5;5,1,6,10;10,6,13,19;19,13,21,26;26,21,27,29;29,27,25,28;28,25,20,22
83|elongated pentagonal gyrobicupola (J39)|6,11,19,20,12;11,6,0,4;11,4,13;19,11,13,21;19,21,26;20,19,26,28;20,28,24;12,20,24,15;12,15,7;6,12,7,2;6,2,0;17,9,10,18,23;9,17,14,5;9,5,1;10,9,1,3;10,3,8;18,10,8,16;18,16,25;23,18,25,29;23,29,27;17,23,27,22;17,22,14;24,25,16,15;15,16,8,7;7,8,3,2;2,3,1,0;0,1,5,4;4,5,14,13;13,14,22,21;21,22,27,26;26,27,29,28;28,29,25,24
84|elongated pentagonal orthocupolarotunda (J40)|4,6,14,18,11;6,4,0,1;6,1,8;14,6,8,16;14,16,24;18,14,24,27;18,27,26;11,18,26,19;11,19,9;4,11,9,2;4,2,0;20,17,25,32,28;20,21,12,5,10;20,10,17;10,5,3;17,10,3,7,15;17,15,25;15,7,13;25,15,13,23,30;25,30,32;30,23,31;32,30,31,33,34;32,34,28;34,33,29;28,34,29,22,21;28,21,20;21,22,12;26,31,23,19;19,23,13,9;9,13,7,2;2,7,3,0;0,3,5,1;1,5,12,8;8,12,22,16;16,22,29,24;24,29,33,27;27,33,31,26
85|elongated pentagonal gyrocupolarotunda (J41)|5,9,18,20,12;9,5,0,3;9,3,10;18,9,10,21;18,21,27;20,18,27,30;20,30,25;12,20,25,17;12,17,8;5,12,8,1;5,1,0;15,16,26,31,23;15,13,6,2,7;15,7,16;7,2,4;16,7,4,11,19;16,19,26;19,11,22;26,19,22,29,33;26,33,31;33,29,34;31,33,34,32,28;31,28,23;28,32,24;23,28,24,14,13;23,13,15;13,14,6;25,29,22,17;17,22,11,8;8,11,4,1;1,4,2,0;0,2,6,3;3,6,14,10;10,14,24,21;21,24,32,27;27,32,34,30;30,34,29,25
86|elongated pentagonal orthobirotunda (J42)|0,4,8,6,2;0,1,5,7,3;0,3,4;3,7,11;4,3,11,18,12;4,12,8;12,18,22;8,12,22,25,15;8,15,6;15,25,23;6,15,23,19,10;6,10,2;10,19,13;2,10,13,9,1;2,1,0;1,9,5;30,34,38,39,36;30,27,16,14,24;30,24,34;24,14,17;34,24,17,21,32;34,32,38;32,21,28;38,32,28,31,37;38,37,39;37,31,33;39,37,33,29,35;39,35,36;35,29,26;36,35,26,20,27;36,27,30;27,20,16;23,31,28,19;19,28,21,13;13,21,17,9;9,17,14,5;5,14,16,7;7,16,20,11;11,20,26,18;18,26,29,22;22,29,33,25;25,33,31,23
87|elongated pentagonal gyrobirotunda (J43)|0,1,5,6,3;0,4,9,7,2;0,2,1;2,7,10;1,2,10,13,8;1,8,5;8,13,19;5,8,19,22,14;5,14,6;14,22,24;6,14,24,21,11;6,11,3;11,21,16;3,11,16,12,4;3,4,0;4,12,9;33,34,38,39,36;33,28,18,15,25;33,25,34;25,15,17;34,25,17,20,31;34,31,38;31,20,26;38,31,26,29,37;38,37,39;37,29,32;39,37,32,30,35;39,35,36;35,30,27;36,35,27,23,28;36,28,33;28,23,18;24,32,29,21;21,29,26,16;16,26,20,12;12,20,17,9;9,17,15,7;7,15,18,10;10,18,23,13;13,23,27,19;19,27,30,22;22,30,32,24
88|gyroelongated triangular bicupola (J44)|11,14,6;14,11,13,17;14,17,12;6,14,12,4;6,4,0;11,6,0,5;11,5,13;9,10,3;10,9,15,16;10,16,8;3,10,8,2;3,2,1;9,3,1,7;9,7,15;4,1,0;0,1,2;0,2,5;5,2,8;5,8,13;13,8,16;13,16,17;17,16,15;17,15,12;12,15,7;12,7,4;4,7,1
89|gyroelongated square bicupola (J45)|5,13,9,2;13,5,8,16;13,16,20;9,13,20,18;9,18,12;2,9,12,4;2,4,0;5,2,0,1;5,1,8;21,14,10,17;14,21,22,15;14,15,7;10,14,7,3;10,3,6;17,10,6,11;17,11,19;21,17,19,23;21,23,22;12,11,4;4,11,6;4,6,0;0,6,3;0,3,1;1,3,7;1,7,8;8,7,15;8,15,16;16,15,22;16,22,20;20,22,23;20,23,18;18,23,19;18,19,12;12,19,11
90|gyroelongated pentagonal bicupola (J46)|2,9,16,10,3;9,2,4,11;9,11,18;16,9,18,23;16,23,25;10,16,25,19;10,19,12;3,10,12,6;3,6,1;2,3,1,0;2,0,4;24,17,15,21,26;17,24,20,13;17,13,7;15,17,7,5;15,5,8;21,15,8,14;21,14,22;26,21,22,28;26,28,29;24,26,29,27;24,27,20;19,22,12;12,22,14;12,14,6;6,14,8;6,8,1;1,8,5;1,5,0;0,5,7;0,7,4;4,7,13;4,13,11;11,13,20;11,20,18;18,20,27;18,27,23;23,27,29;23,29,25;25,29,28;25,28,19;19,28,22
91|gyroelongated pentagonal cupolarotunda (J47)|3,8,13,7,2;8,3,5,12;8,12,18;13,8,18,21;13,21,20;7,13,20,16;7,16,11;2,7,11,4;2,4,0;3,2,0,1;3,1,5;30,24,27,32,34;30,31,23,15,19;30,19,24;19,15,10;24,19,10,6,17;24,17,27;17,6,9;27,17,9,14,25;27,25,32;25,14,22;32,25,22,26,33;32,33,34;33,26,29;34,33,29,28,31;34,31,30;31,28,23;16,22,11;11,22,14;11,14,4;4,14,9;4,9,0;0,9,6;0,6,1;1,6,10;1,10,5;5,10,15;5,15,12;12,15,23;12,23,18;18,23,28;18,28,21;21,28,29;21,29,20;20,29,26;20,26,16;16,26,22
92|gyroelongated pentagonal birotunda (J48)|0,1,3,4,2;0,6,12,10,5;0,5,1;5,10,11;1,5,11,13,7;1,7,3;7,13,15;3,7,15,17,9;3,9,4;9,17,19;4,9,19,18,8;4,8,2;8,18,16;2,8,16,14,6;2,6,0;6,14,12;35,37,39,38,36;35,30,20,21,31;35,31,37;31,21,23;37,31,23,25,33;37,33,39;33,25,27;39,33,27,29,34;39,34,38;34,29,28;38,34,28,26,32;38,32,36;32,26,24;36,32,24,22,30;36,30,35;30,22,20;17,28,19;19,28,29;19,29,18;18,29,27;18,27,16;16,27,25;16,25,14;14,25,23;14,23,12;12,23,21;12,21,10;10,21,20;10,20,11;11,20,22;11,22,13;13,22,24;13,24,15;15,24,26;15,26,17;17,26,28
93|augmented triangular prism (J49)|2,0,1,5;5,1,4,6;6,3,2;3,0,2;0,3,4;2,5,6;1,0,4;6,4,3
94|biaugmented triangular prism (J50)|0,4,6,2;3,0,1;1,0,2;1,2,5;4,0,3;2,6,5;4,3,7;4,7,6;6,7,5;7,3,5;1,5,3
95|triaugmented triangular prism (J51)|1,5,0;8,4,5;4,0,5;4,3,0;8,3,4;5,6,8;8,6,7;8,7,3;3,7,2;7,6,2;3,2,0;0,2,1;2,6,1;1,6,5
96|augmented pentagonal prism (J52)|0,1,3,4,2;7,10,9,6,5;1,0,5,6;3,1,6,9;2,4,10,7;0,2,7,5;3,8,4;3,9,8;4,8,10;10,8,9
97|biaugmented pentagonal prism (J53)|4,5,2,0,1;8,7,9,11,10;5,4,10,11;2,5,11,9;1,0,7,8;2,3,0;2,9,3;0,3,7;7,3,9;1,6,4;1,8,6;4,6,10;10,6,8
98|augmented hexagonal prism (J54)|0,1,5,9,7,3;11,12,8,4,2,6;1,0,2,4;5,1,4,8;7,9,12,11;3,7,11,6;0,3,6,2;5,10,9;5,8,10;9,10,12;12,10,8
99|parabiaugmented hexagonal prism (J55)|5,9,12,11,6,3;4,8,10,7,2,1;9,5,2,7;12,9,7,10;6,11,8,4;3,6,4,1;12,13,11;12,10,13;11,13,8;8,13,10;3,0,5;3,1,0;5,0,2;2,0,1
100|metabiaugmented hexagonal prism (J56)|12,8,3,1,5,10;6,2,4,9,13,11;8,12,13,9;3,8,9,4;5,1,2,6;12,10,11,13;3,0,1;3,4,0;1,0,2;2,0,4;5,7,10;5,6,7;10,7,11;11,7,6
101|triaugmented hexagonal prism (J57)|0,4,9,11,8,2;10,13,12,7,3,5;9,4,7,12;8,11,13,10;0,2,5,3;9,14,11;9,12,14;11,14,13;13,14,12;8,6,2;8,10,6;2,6,5;5,6,10;0,1,4;0,3,1;4,1,7;7,1,3
102|augmented dodecahedron (J58)|18,20,16,11,12;6,4,11,16,13;1,7,12,11,4;8,15,18,12,7;17,19,20,18,15;14,13,16,20,19;19,17,10,9,14;15,8,5,10,17;4,6,3,0,1;13,14,9,3,6;3,9,10,5,0;2,0,5;2,5,8;2,1,0;2,7,1;7,2,8
103|parabiaugmented dodecahedron (J59)|6,8,14,18,12;17,11,12,18,20;5,2,6,12,11;1,4,8,6,2;10,16,14,8,4;4,1,3,9,10;11,17,13,7,5;20,19,15,13,17;16,10,9,15,19;15,9,3,7,13;0,7,3;0,3,1;0,5,7;0,2,5;2,0,1;21,18,14;21,14,16;21,20,18;21,19,20;19,21,16
104|metabiaugmented dodecahedron (J60)|0,6,10,8,1;19,14,8,10,17;4,2,0,1,3;9,12,6,0,2;18,17,10,6,12;12,9,15,20,18;3,11,16,13,4;14,19,21,16,11;17,18,20,21,19;21,20,15,13,16;7,13,15;7,15,9;7,4,13;7,2,4;2,7,9;5,1,8;5,8,14;5,3,1;5,11,3;11,5,14
105|triaugmented dodecahedron (J61)|20,17,18,21,22;9,15,21,18,12;11,14,20,22,16;8,10,17,20,14;7,12,18,17,10;10,8,1,0,7;16,13,5,3,11;15,9,2,5,13;2,0,1,3,5;6,3,1;6,1,8;6,11,3;6,14,11;14,6,8;19,22,21;19,21,15;19,16,22;19,13,16;13,19,15;4,0,2;4,2,9;4,7,0;4,12,7;12,4,9
106|metabidiminished icosahedron (J62)|1,3,7,9,5;2,5,9,8,4;6,3,0;0,3,1;1,5,2;1,2,0;2,4,0;4,8,6;4,6,0;9,7,8;7,6,8;7,3,6
107|tridiminished icosahedron (J63)|6,8,7,5,2;0,2,5,3,1;0,4,6;4,8,6;6,2,0;0,1,4;7,8,4,1,3;5,7,3
108|augmented tridiminished icosahedron (J64)|8,4,1,3,7;6,7,3,0,2;9,5,8;5,4,8;8,7,6;6,2,5;1,4,5,2,0;3,1,0;1,0,3;0,3,1
109|augmented truncated tetrahedron (J65)|12,8,4,7;12,7,11;11,7,2,0,5,10;10,13,11;13,14,12,11;14,13,9;13,10,5,1,3,9;9,3,6;0,1,5;3,1,0,2,4,6;4,2,7;14,9,6,8;6,4,8;14,8,12
110|augmented truncated cube (J66)|25,24,26,27;24,25,18,16;24,16,17;26,24,17,19;26,19,21;27,26,21,23;27,23,22;25,27,22,20;25,20,18;23,15,11,7,6,10,14,22;20,14,10,4,2,8,12,18;16,12,8,0,1,9,13,17;19,13,9,3,5,11,15,21;4,6,7,5,3,1,0,2;21,15,23;5,7,11;17,13,19;1,3,9;18,12,16;2,0,8;22,14,20;6,4,10
111|biaugmented truncated cube (J67)|28,22,15,19;22,28,31,25;22,25,17;15,22,17,10;15,10,7;19,15,7,13;19,13,20;28,19,20,29;28,29,31;16,9,3,12;9,16,21,14;9,14,6;3,9,6,0;3,0,2;12,3,2,11;12,11,18;16,12,18,24;16,24,21;13,4,1,6,14,23,26,20;29,26,23,21,24,27,30,31;25,30,27,18,11,5,8,17;10,8,5,2,0,1,4,7;7,4,13;0,6,1;17,8,10;11,2,5;31,30,25;24,18,27;20,26,29;14,21,23
112|augmented truncated dodecahedron (J68)|31,26,19,9,5,3,7,17,24,30;34,30,24;59,53,44,36,31,30,34,41,51,57;45,51,41;36,26,31;37,27,21,16,19,26,36,44,49,47;53,49,44;16,9,19;8,4,0,1,5,9,16,21,20,14;27,20,21;1,3,5;10,12,13,11,7,3,1,0,2,6;4,2,0;11,17,7;39,45,41,34,24,17,11,13,22,32;12,22,13;50,40,33,28,29,35,42,52,58,56;62,56,58;45,39,38,43,50,56,62,63,57,51;59,57,63;43,40,50;12,10,15,23,33,40,43,38,32,22;39,32,38;23,28,33;4,8,18,25,29,28,23,15,6,2;10,6,15;25,35,29;27,37,46,48,42,35,25,18,14,20;8,14,18;48,52,42;47,46,37;60,54,55,61,64;54,60,52,48;54,48,46;55,54,46,47;55,47,49;61,55,49,53;61,53,59;64,61,59,63;62,64,63;60,64,62,58;60,58,52
113|parabiaugmented truncated dodecahedron (J69)|15,28,37,45,50,43,34,23,12,8;4,8,12;5,9,16,18,15,8,4,1,0,2;3,0,1;18,28,15;42,52,55,49,37,28,18,16,21,33;9,21,16;49,45,37;69,67,63,56,50,45,49,55,62,66;52,62,55;56,43,50;67,69,68,65,61,54,51,53,60,64;64,63,67;29,23,34;7,3,1,4,12,23,29,31,27,17;36,27,31;24,32,41,54,61,57,46,35,26,19;13,19,26;3,7,14,20,24,19,13,6,2,0;5,2,6;20,32,24;36,48,53,51,41,32,20,14,17,27;7,17,14;51,54,41;60,53,48;65,57,61;52,42,38,40,46,57,65,68,66,62;69,66,68;40,35,46;33,38,42;25,30,22,10,11;30,25,35,40;30,40,38;22,30,38,33;22,33,21;10,22,21,9;10,9,5;11,10,5,6;13,11,6;25,11,13,26;25,26,35;44,58,59,47,39;58,44,43,56;58,56,63;59,58,63,64;59,64,60;47,59,60,48;47,48,36;39,47,36,31;29,39,31;44,39,29,34;44,34,43
114|metabiaugmented truncated dodecahedron (J70)|40,44,49,58,65,69,67,62,53,46;41,46,53;11,14,21,33,40,46,41,34,22,15;26,22,34;33,44,40;20,31,43,48,49,44,33,21,18,17;14,18,21;48,58,49;50,59,66,68,65,58,48,43,38,45;31,38,43;68,69,65;56,57,61,64,67,69,68,66,63,60;59,63,66;64,62,67;32,26,34,41,53,62,64,61,52,39;57,52,61;16,23,27,30,25,19,12,6,2,9;3,9,2;26,32,28,24,16,9,3,7,15,22;11,15,7;24,23,16;57,56,51,37,27,23,24,28,39,52;32,39,28;37,30,27;60,51,56;29,19,25;31,20,13,10,12,19,29,36,45,38;50,45,36;10,6,12;17,13,20;0,4,8,5,1;4,0,6,10;4,10,13;8,4,13,17;8,17,18;5,8,18,14;5,14,11;1,5,11,7;3,1,7;0,1,3,2;0,2,6;35,47,55,54,42;47,35,30,37;47,37,51;55,47,51,60;55,60,63;54,55,63,59;54,59,50;42,54,50,36;29,42,36;35,42,29,25;35,25,30
115|triaugmented truncated dodecahedron (J71)|68,64,59,56,58,62,67,71,74,73;70,73,74;40,43,51,60,68,73,70,63,53,45;54,53,63;60,64,68;25,28,37,49,59,64,60,51,39,29;43,39,51;49,56,59;20,30,41,52,58,56,49,37,27,19;28,27,37;52,62,58;36,46,55,65,67,62,52,41,35,32;30,35,41;65,71,67;50,55,46;2,6,11,15,16,14,9,4,1,0;3,0,1;28,25,17,8,2,0,3,10,19,27;20,19,10;8,6,2;43,40,34,22,11,6,8,17,29,39;25,29,17;22,15,11;45,34,40;26,14,16;46,36,23,12,9,14,26,38,47,50;48,47,38;12,4,9;32,23,36;5,13,21,18,7;13,5,4,12;13,12,23;21,13,23,32;21,32,35;18,21,35,30;18,30,20;7,18,20,10;3,7,10;5,7,3,1;5,1,4;24,31,42,44,33;31,24,15,22;31,22,34;42,31,34,45;42,45,53;44,42,53,54;44,54,48;33,44,48,38;26,33,38;24,33,26,16;24,16,15;72,66,57,61,69;66,72,71,65;66,65,55;57,66,55,50;57,50,47;61,57,47,48;61,48,54;69,61,54,63;70,69,63;72,69,70,74;72,74,71
116|gyrate rhombicosidodecahedron (J72)|36,33,45,48;48,45,55;45,47,56,55;33,27,35,47,45;35,42,47;47,42,50,56;23,31,42,35;23,18,31;18,20,34,31;31,34,46,50,42;20,30,34;34,30,41,46;48,55,57,49;49,57,51;57,59,53,51;55,56,58,59,57;59,54,53;53,54,44,43;58,52,54,59;56,50,58;50,46,52,58;52,41,38,44,54;46,41,52;41,30,24,38;49,51,40,39;39,40,28;40,37,22,28;51,53,43,37,40;37,25,22;22,25,13,11;43,32,25,37;43,44,32;44,38,26,32;32,26,14,13,25;38,24,26;26,24,12,14;39,28,19,29;29,19,17;19,9,7,17;28,22,11,9,19;9,1,7;7,1,0,5;11,3,1,9;11,13,3;13,14,4,3;3,4,2,0,1;14,12,4;4,12,10,2;29,17,21,36;36,21,33;21,15,27,33;17,7,5,15,21;15,16,27;27,16,23,35;5,6,16,15;5,0,6;0,2,8,6;6,8,18,23,16;2,10,8;8,10,20,18;36,48,49,39,29;10,12,24,30,20
117|parabigyrate rhombicosidodecahedron (J73)|24,21,33,36;36,33,44;33,32,43,44;21,11,19,32,33;19,28,32;32,28,41,43;9,22,28,19;9,10,22;10,20,29,22;22,29,42,41,28;20,34,29;29,34,45,42;36,44,53,47;47,53,55;53,57,59,55;44,43,51,57,53;57,58,59;59,58,54,56;51,52,58,57;43,41,51;41,42,52,51;52,45,46,54,58;42,45,52;45,34,35,46;47,55,49,39;49,50,37;50,40,31,37;55,59,56,50,49;40,27,31;31,27,16,18;56,48,40,50;56,54,48;54,46,38,48;48,38,26,27,40;46,35,38;38,35,23,26;49,37,30,39;39,30,25;30,17,14,25;37,31,18,17,30;17,7,14;7,8,2,1;18,8,7,17;18,16,8;27,26,15,16;16,15,6,2,8;26,23,15;15,23,12,6;25,14,13,24;24,13,21;13,5,11,21;14,7,1,5,13;5,3,11;11,3,9,19;1,0,3,5;1,2,0;2,6,4,0;0,4,10,9,3;6,12,4;4,12,20,10;24,36,47,39,25;12,23,35,34,20
118|metabigyrate rhombicosidodecahedron (J74)|19,14,25,31;31,25,37;25,24,36,37;14,5,13,24,25;13,23,24;24,23,35,36;7,17,23,13;7,10,17;10,20,29,17;17,29,41,35,23;20,32,29;29,32,44,41;31,37,48,43;48,54,56;54,58,59,56;37,36,47,54,48;58,57,59;59,57,53,55;47,52,58,54;36,35,47;35,41,52,47;52,44,51,57,58;41,44,52;44,32,40,51;48,56,50,43;43,50,39;50,49,38,39;56,59,55,49,50;49,42,38;42,46,34,30;55,46,42,49;55,53,46;57,51,45,53;53,45,33,34,46;51,40,45;45,40,28,33;39,38,26,27;27,26,15;26,18,8,15;38,42,30,18,26;18,12,8;8,12,4,2;30,22,12,18;30,34,22;34,33,21,22;22,21,11,4,12;33,28,21;21,28,16,11;27,15,9,19;19,9,14;9,3,5,14;15,8,2,3,9;3,1,5;5,1,7,13;2,0,1,3;2,4,0;4,11,6,0;0,6,10,7,1;11,16,6;6,16,20,10;19,31,43,39,27;16,28,40,32,20
119|trigyrate rhombicosidodecahedron (J75)|18,12,24,30;30,24,37;24,26,39,37;12,7,14,26,24;14,28,26;26,28,41,39;11,22,28,14;11,13,22;13,25,31,22;22,31,43,41,28;25,38,31;31,38,49,43;30,37,48,40;48,56,55;56,59,58,55;37,39,50,56,48;59,57,58;58,57,52,53;50,54,59,56;39,41,50;41,43,54,50;54,49,51,57,59;43,49,54;49,38,42,51;48,55,46,40;40,46,34;46,45,32,34;55,58,53,45,46;45,36,32;36,44,33,27;53,44,36,45;53,52,44;57,51,47,52;52,47,35,33,44;51,42,47;47,42,29,35;34,32,19,21;21,19,10;19,16,5,10;32,36,27,16,19;27,15,16;16,15,4,5;33,23,15,27;33,35,23;35,29,17,23;23,17,6,4,15;29,20,17;17,20,9,6;21,10,8,18;18,8,12;8,1,7,12;10,5,0,1,8;1,3,7;7,3,11,14;0,2,3,1;5,4,0;4,6,2,0;2,9,13,11,3;6,9,2;9,20,25,13;18,30,40,34,21;20,29,42,38,25
120|diminished rhombicosidodecahedron (J76)|31,20,17,26;26,17,18;17,6,9,18;20,12,3,6,17;6,1,9;9,1,4,11;3,0,1,6;3,5,0;5,8,2,0;0,2,7,4,1;8,10,2;2,10,13,7;26,18,28,35;35,28,37;28,23,34,37;18,9,11,23,28;23,24,34;34,24,32,40;11,15,24,23;11,4,15;4,7,16,15;15,16,27,32,24;7,13,16;16,13,25,27;35,37,46,44;44,46,52;46,49,54,52;37,34,40,49,46;49,51,54;54,51,48,53;40,42,51,49;40,32,42;32,27,36,42;42,36,39,48,51;27,25,36;36,25,30,39;44,52,47,41;41,47,50,43,33,22,14,12,20,31;52,54,53,50,47;53,45,43,50;53,48,45;48,39,38,45;45,38,29,33,43;39,30,38;38,30,21,29;12,14,5,3;33,29,19,22;22,19,8,5,14;29,21,19;19,21,10,8;31,26,35,44,41;21,30,25,13,10
121|paragyrate diminished rhombicosidodecahedron (J77)|32,22,16,27;27,16,19;16,7,9,19;22,14,5,7,16;7,1,9;9,1,3,11;5,0,1,7;5,6,0;6,8,2,0;0,2,4,3,1;8,10,2;2,10,13,4;27,19,26,36;36,26,38;26,24,34,38;19,9,11,24,26;11,18,24;24,18,30,34;3,12,18,11;3,4,12;4,13,20,12;12,20,31,30,18;13,25,20;20,25,35,31;36,38,46,44;44,46,52;46,48,54,52;38,34,40,48,46;48,49,54;54,49,47,53;40,41,49,48;34,30,40;30,31,41,40;41,35,39,47,49;31,35,41;35,25,28,39;44,52,50,42;42,50,51,43,33,23,15,14,22,32;52,54,53,51,50;53,45,43,51;53,47,45;47,39,37,45;45,37,29,33,43;39,28,37;37,28,21,29;14,15,6,5;33,29,17,23;23,17,8,6,15;29,21,17;17,21,10,8;32,27,36,44,42;21,28,25,13,10
122|metagyrate diminished rhombicosidodecahedron (J78)|31,21,19,29;29,19,26;19,10,16,26;21,12,4,10,19;10,6,16;16,6,11,20;4,0,6,10;4,1,0;1,3,2,0;0,2,7,11,6;3,5,2;2,5,13,7;29,26,35,40;40,35,44;35,30,41,44;26,16,20,30,35;30,32,41;41,32,36,45;20,22,32,30;20,11,22;11,7,17,22;22,17,27,36,32;7,13,17;17,13,23,27;40,44,51,49;49,51,52;51,53,54,52;44,41,45,53,51;45,48,53;53,48,50,54;36,37,48,45;36,27,37;27,23,33,37;37,33,39,50,48;23,25,33;33,25,28,39;49,52,46,42;42,46,43,34,24,14,8,12,21,31;52,54,47,43,46;47,38,34,43;54,50,47;50,39,38,47;38,28,18,24,34;39,28,38;28,25,15,18;12,8,1,4;24,18,9,14;14,9,3,1,8;18,15,9;9,15,5,3;31,29,40,49,42;15,25,23,13,5
123|bigyrate diminished rhombicosidodecahedron (J79)|0,2,7,4;7,17,16;17,30,28,16;2,9,18,17,7;30,41,28;28,41,44,34;18,31,30,17;18,25,31;25,37,42,31;31,42,50,41,30;37,47,42;42,47,53,50;7,16,11,4;4,11,6;11,23,15,6;16,28,34,23,11;23,27,15;27,40,45,35;34,40,27,23;34,44,40;41,50,51,44;44,51,52,45,40;50,53,51;51,53,54,52;6,15,12,5;5,12,8;12,24,19,8;15,27,35,24,12;35,36,24;24,36,29,19;45,46,36,35;45,52,46;52,54,49,46;46,49,39,29,36;54,48,49;49,48,38,39;5,8,3,1;1,3,10,14,22,21,13,9,2,0;8,19,20,10,3;20,26,14,10;19,29,20;29,39,26,20;26,38,33,22,14;39,38,26;38,48,43,33;9,13,25,18;22,33,32,21;21,32,37,25,13;33,43,32;32,43,47,37;0,4,6,5,1;43,48,54,53,47
124|parabidiminished rhombicosidodecahedron (J80)|22,19,10,12;12,10,4;10,8,2,4;19,25,16,8,10;8,6,2;2,6,5,0;16,14,6,8;16,26,14;26,31,17,14;14,17,13,5,6;31,29,17;17,29,21,13;12,4,3,11;11,3,9;3,1,7,9;4,2,0,1,3;24,15,7,1,0,5,13,21,27,30;11,9,18,20;20,18,32;18,23,35,32;9,7,15,23,18;23,33,35;35,33,41,43;15,24,33,23;24,30,39,41,33;30,27,37,39;20,32,36,28;28,36,44,49,48,42,34,25,19,22;32,35,43,44,36;43,47,49,44;43,41,47;41,39,45,47;47,45,46,48,49;39,37,45;45,37,38,46;25,34,26,16;48,46,40,42;42,40,31,26,34;46,38,40;40,38,29,31;22,12,11,20,28;38,37,27,21,29
125|metabidiminished rhombicosidodecahedron (J81)|44,39,29,35;35,29,25;29,21,15,25;39,34,24,21,29;21,11,15;15,11,3,6;24,14,11,21;24,22,14;22,17,8,14;14,8,1,3,11;17,12,8;8,12,4,1;35,25,23,33;33,23,27;23,13,16,27;25,15,6,13,23;13,7,16;16,7,10,20;6,2,7,13;6,3,2;3,1,0,2;2,0,5,10,7;1,4,0;0,4,9,5;33,27,36,42;42,36,45;36,31,40,45;27,16,20,31,36;38,43,40,31,20,10,5,9,18,28;42,45,49,47;47,49,48,46,41,37,32,34,39,44;45,40,43,48,49;43,38,46,48;38,28,30,41,46;28,18,19,30;34,32,22,24;41,30,26,37;37,26,17,22,32;30,19,26;26,19,12,17;44,35,33,42,47;19,18,9,4,12
126|gyrate bidiminished rhombicosidodecahedron (J82)|36,33,23,25;25,23,15;23,19,9,15;33,35,27,19,23;27,16,19;19,16,6,9;30,20,16,27;30,28,20;28,21,12,20;20,12,4,6,16;21,13,12;12,13,5,4;25,15,11,22;22,11,17;11,3,8,17;15,9,1,3,11;3,2,8;8,2,7,14;1,0,2,3;9,6,1;6,4,0,1;0,5,10,7,2;4,5,0;5,13,18,10;22,17,26,32;32,26,37;26,24,34,37;17,8,14,24,26;44,43,34,24,14,7,10,18,29,39;32,37,46,41;41,46,48,49,47,45,40,35,33,36;37,34,43,48,46;43,44,49,48;44,39,42,47,49;39,29,31,42;35,40,30,27;47,42,38,45;45,38,28,30,40;42,31,38;38,31,21,28;36,25,22,32,41;31,29,18,13,21
127|tridiminished rhombicosidodecahedron (J83)|35,37,27,25;25,27,17;27,21,13,17;37,39,29,21,27;1,7,13,21,29,31,23,15,9,3;25,17,11,20;20,11,12;11,5,6,12;17,13,7,5,11;5,0,6;6,0,2,8;7,1,0,5;1,3,4,2,0;3,9,10,4;20,12,18,26;26,18,28;18,14,22,28;12,6,8,14,18;32,30,22,14,8,2,4,10,16,24;26,28,38,36;36,38,40,42,44,43,41,39,37,35;28,22,30,40,38;30,32,42,40;32,24,34,44,42;24,16,19,34;39,41,31,29;44,34,33,43;43,33,23,31,41;34,19,33;33,19,15,23;35,25,20,26,36;19,16,10,9,15
128|snub disphenoid (J84)|6,7,3;3,7,5;3,5,1;4,7,6;7,4,5;5,4,1;4,2,1;1,2,0;1,0,3;6,2,4;2,6,0;0,6,3
129|snub square antiprism (J85)|13,11,4,6;13,9,14;9,13,6;9,6,3;11,15,12;15,11,13;15,13,14;4,7,1;7,4,11;7,11,12;6,0,3;0,6,4;0,4,1;2,5,10,8;2,3,0;3,2,8;3,8,9;5,1,7;1,5,2;1,2,0;10,12,15;12,10,5;12,5,7;8,14,9;14,8,10;14,10,15
130|sphenocorona (J86)|1,0,4,5;5,4,8,9;7,3,2;2,1,6;2,3,0;2,0,1;1,5,6;6,5,9;3,4,0;4,3,8;9,7,6;9,8,7;7,8,3;6,7,2
131|augmented sphenocorona (J87)|5,0,1;5,1,4,7;9,3,8;8,6,10;8,3,2;8,2,6;6,5,10;10,5,7;3,1,2;1,3,4;7,9,10;7,4,9;9,4,3;10,9,8;6,0,5;6,2,0;0,2,1
132|sphenomegacorona (J88)|7,5,9,10;6,7,10;3,7,1;3,5,7;10,11,8;10,9,11;1,7,6;6,10,8;4,9,5,0;2,4,0;11,4,8;11,9,4;0,3,1;0,5,3;8,2,6;8,4,2;2,1,6;2,0,1
133|hebesphenomegacorona (J89)|8,7,12,13;9,8,13;1,8,2;1,7,8;13,11,10;13,12,11;2,8,9;9,13,10;3,6,12,7;12,6,11;3,7,1;5,6,3,0;4,5,0;11,5,10;11,6,5;0,1,2;0,3,1;10,4,9;10,5,4;4,2,9;4,0,2
134|disphenocingulum (J90)|13,6,7;9,6,13,15;9,15,11;12,13,7;15,13,12,14;15,14,11;12,10,14;12,7,5;12,5,10;10,5,3;5,2,0,3;7,6,2;5,7,2;2,6,1;2,1,0;3,0,4,8;10,3,8;10,8,14;8,11,14;8,4,11;11,4,9;9,1,6;4,1,9;0,1,4
135|bilunabirotunda (J91)|13,11,7,10;11,13,12;7,11,4;10,7,5;13,10,9;12,13,9,6,8;11,12,8,3,4;5,7,4,0,1;10,5,1,2,9;3,8,6;4,3,0;2,1,0;9,2,6;6,2,0,3
136|triangular hebesphenorotunda (J92)|11,12,16,17,15;12,11,4;11,6,4;6,11,15;6,15,13,5;13,15,17;8,13,17,14,9;5,13,8;2,5,8;2,8,9;7,9,14;2,9,7,0;16,14,17;16,10,3,7,14;3,0,7;3,1,0;1,3,10;12,4,1,10;12,10,16;1,4,6,5,2,0
